Match format,Day number,Local team id,Local team name,Visitor team id,Visitor team name,Player 1 Name,Player 1 License,Player 1 Letter,Player 2 Name,Player 2 License,Player 2 Letter,Player 1-2 Name,Player 1-2 License,Player 2-2 Name,Player 2-2 License,Set 1,Set 2,Set 3,Set 4,Set 5,Result,Score Count
singles,1,934,VAL MIÑOR TM / ROSQUILLAS CRISTALEIRO,1388,CTM MILAGROSA,IHOR ZAVADSKYI, 39888,A,MARTIN PINTOS BARREIRO, 9975,Y,,,,,9-11,11-6,11-9,9-11,11-9,3-2,1 - 0
singles,1,934,VAL MIÑOR TM / ROSQUILLAS CRISTALEIRO,1388,CTM MILAGROSA,SANTIAGO OTERO RODRIGUEZ, 10331,B,ANXO IGLESIAS NUÑEZ, 8939,X,,,,,11-6,7-11,10-12,6-11,,1-3,1 - 1
singles,1,934,VAL MIÑOR TM / ROSQUILLAS CRISTALEIRO,1388,CTM MILAGROSA,MARTIN GONZALEZ MIGUEZ, 9188,C,FACUNDO DE LEÓN, 39221,Z,,,,,3-11,11-9,4-11,8-11,,1-3,1 - 2
singles,1,934,VAL MIÑOR TM / ROSQUILLAS CRISTALEIRO,1388,CTM MILAGROSA,IHOR ZAVADSKYI, 39888,A,ANXO IGLESIAS NUÑEZ, 8939,X,,,,,11-5,11-9,12-10,,,3-0,2 - 2
singles,1,934,VAL MIÑOR TM / ROSQUILLAS CRISTALEIRO,1388,CTM MILAGROSA,MARTIN GONZALEZ MIGUEZ, 9188,C,MARTIN PINTOS BARREIRO, 9975,Y,,,,,5-11,1-11,5-11,,,0-3,2 - 3
singles,1,934,VAL MIÑOR TM / ROSQUILLAS CRISTALEIRO,1388,CTM MILAGROSA,SANTIAGO OTERO RODRIGUEZ, 10331,B,FACUNDO DE LEÓN, 39221,Z,,,,,11-7,11-9,0-11,9-11,12-14,2-3,2 - 4
singles,2,934,VAL MIÑOR TM / ROSQUILLAS CRISTALEIRO,937,CLUB DEL MAR,PABLO UXIO REGUEIRO NUÑEZ, 10001,A,LAWAL ABIODUM GANIU, 24148,Y,,,,,11-8,11-8,9-11,11-8,,3-1,1 - 0
singles,2,934,VAL MIÑOR TM / ROSQUILLAS CRISTALEIRO,937,CLUB DEL MAR,MARTIN PINTOS BARREIRO, 9975,B,DIEGO VARELA SUAREZ, 16657,X,,,,,11-9,11-6,12-14,12-10,,3-1,2 - 0
singles,2,934,VAL MIÑOR TM / ROSQUILLAS CRISTALEIRO,937,CLUB DEL MAR,ANXO IGLESIAS NUÑEZ, 8939,C,JAVIER DIZ CONDE, 17803,Z,,,,,4-11,6-11,8-11,,,0-3,2 - 1
singles,2,934,VAL MIÑOR TM / ROSQUILLAS CRISTALEIRO,937,CLUB DEL MAR,PABLO UXIO REGUEIRO NUÑEZ, 10001,A,DIEGO VARELA SUAREZ, 16657,X,,,,,8-11,5-11,11-13,,,0-3,2 - 2
singles,2,934,VAL MIÑOR TM / ROSQUILLAS CRISTALEIRO,937,CLUB DEL MAR,ANXO IGLESIAS NUÑEZ, 8939,C,LAWAL ABIODUM GANIU, 24148,Y,,,,,6-11,8-11,5-11,,,0-3,2 - 3
singles,2,934,VAL MIÑOR TM / ROSQUILLAS CRISTALEIRO,937,CLUB DEL MAR,MARTIN PINTOS BARREIRO, 9975,B,JAVIER DIZ CONDE, 17803,Z,,,,,11-9,11-7,11-8,,,3-0,3 - 3
doubles,2,934,VAL MIÑOR TM / ROSQUILLAS CRISTALEIRO,937,CLUB DEL MAR,,,D,,,D,ANXO IGLESIAS NUÑEZ,8939,MARTIN PINTOS BARREIRO,9975,9-11,11-5,3-11,11-3,13-11,3-2,4 - 3
singles,3,942,MADRID CAPITAL TM,934,VAL MIÑOR TM / ROSQUILLAS CRISTALEIRO,RUBEN RAMIREZ RODRIGUEZ, 8640,A,MARTIN PINTOS BARREIRO, 9975,Y,,,,,4-11,11-9,7-11,4-11,,1-3,0 - 1
singles,3,942,MADRID CAPITAL TM,934,VAL MIÑOR TM / ROSQUILLAS CRISTALEIRO,ABIT RONALDO TEJADA JIMENEZ, 34111,B,PABLO UXIO REGUEIRO NUÑEZ, 10001,X,,,,,7-11,8-11,11-6,11-7,12-14,2-3,0 - 2
singles,3,942,MADRID CAPITAL TM,934,VAL MIÑOR TM / ROSQUILLAS CRISTALEIRO,FRANCISCO FERNÁNDEZ RUANO, 2181,C,ANXO IGLESIAS NUÑEZ, 8939,Z,,,,,11-13,8-11,13-15,,,0-3,0 - 3
singles,3,942,MADRID CAPITAL TM,934,VAL MIÑOR TM / ROSQUILLAS CRISTALEIRO,RUBEN RAMIREZ RODRIGUEZ, 8640,A,PABLO UXIO REGUEIRO NUÑEZ, 10001,X,,,,,11-5,11-9,14-12,,,3-0,1 - 3
singles,3,942,MADRID CAPITAL TM,934,VAL MIÑOR TM / ROSQUILLAS CRISTALEIRO,FRANCISCO FERNÁNDEZ RUANO, 2181,C,MARTIN PINTOS BARREIRO, 9975,Y,,,,,7-11,3-11,10-12,,,0-3,1 - 4
singles,3,942,MADRID CAPITAL TM,934,VAL MIÑOR TM / ROSQUILLAS CRISTALEIRO,RAFAEL MONTORO VALBUENA, 19725,B,ANXO IGLESIAS NUÑEZ, 8939,Z,,,,,5-11,3-11,11-9,10-12,,1-3,1 - 5
singles,4,1351,ETM HOTEL MARQUES DE SANTILLANA,934,VAL MIÑOR TM / ROSQUILLAS CRISTALEIRO,MARTIN PINTOS BARREIRO, 9975,A,EDER VALLEJO DE LA FUENTE, 8686,Y,,,,,9-11,11-13,11-6,8-11,,1-3,0 - 1
singles,4,1351,ETM HOTEL MARQUES DE SANTILLANA,934,VAL MIÑOR TM / ROSQUILLAS CRISTALEIRO,ANXO IGLESIAS NUÑEZ, 8939,B,ALEXIS DAMIAN ORENCEL MELNICK, 33904,X,,,,,4-11,5-11,3-11,,,0-3,0 - 2
singles,4,1351,ETM HOTEL MARQUES DE SANTILLANA,934,VAL MIÑOR TM / ROSQUILLAS CRISTALEIRO,FACUNDO DE LEÓN, 39221,C,ANGEL RODRIGUEZ SAN EMETERIO, 19868,Z,,,,,5-11,5-11,11-13,,,0-3,0 - 3
singles,4,1351,ETM HOTEL MARQUES DE SANTILLANA,934,VAL MIÑOR TM / ROSQUILLAS CRISTALEIRO,MARTIN PINTOS BARREIRO, 9975,A,ALEXIS DAMIAN ORENCEL MELNICK, 33904,X,,,,,8-11,2-11,6-11,,,0-3,0 - 4
singles,4,1351,ETM HOTEL MARQUES DE SANTILLANA,934,VAL MIÑOR TM / ROSQUILLAS CRISTALEIRO,FACUNDO DE LEÓN, 39221,C,EDER VALLEJO DE LA FUENTE, 8686,Y,,,,,5-11,6-11,8-11,,,0-3,0 - 5
singles,4,1351,ETM HOTEL MARQUES DE SANTILLANA,934,VAL MIÑOR TM / ROSQUILLAS CRISTALEIRO,LUCAS TOJAL SIERRA, 3245,B,ANGEL RODRIGUEZ SAN EMETERIO, 19868,Z,,,,,12-10,9-11,7-11,11-6,10-12,2-3,0 - 6
singles,4,10717,ELMA GASTEIZ,934,VAL MIÑOR TM / ROSQUILLAS CRISTALEIRO,ALVARO LOMBRAÑA ALCAIDE, 17772,A,FACUNDO DE LEÓN, 39221,Y,,,,,11-8,7-11,11-5,8-11,15-13,3-2,1 - 0
singles,4,10717,ELMA GASTEIZ,934,VAL MIÑOR TM / ROSQUILLAS CRISTALEIRO,ANDER MADINABEITIA CANAVAL, 9715,B,ANXO IGLESIAS NUÑEZ, 8939,X,,,,,11-6,13-15,5-11,7-11,,1-3,1 - 1
singles,4,10717,ELMA GASTEIZ,934,VAL MIÑOR TM / ROSQUILLAS CRISTALEIRO,GAIZKA ALCUTEN FERNANDEZ DE OLANO, 21731,C,MARTIN PINTOS BARREIRO, 9975,Z,,,,,9-11,3-11,8-11,,,0-3,1 - 2
singles,4,10717,ELMA GASTEIZ,934,VAL MIÑOR TM / ROSQUILLAS CRISTALEIRO,ALVARO LOMBRAÑA ALCAIDE, 17772,A,ANXO IGLESIAS NUÑEZ, 8939,X,,,,,3-11,10-12,11-6,6-11,,1-3,1 - 3
singles,4,10717,ELMA GASTEIZ,934,VAL MIÑOR TM / ROSQUILLAS CRISTALEIRO,GAIZKA ALCUTEN FERNANDEZ DE OLANO, 21731,C,FACUNDO DE LEÓN, 39221,Y,,,,,15-13,11-8,8-11,8-11,9-11,2-3,1 - 4
singles,4,10717,ELMA GASTEIZ,934,VAL MIÑOR TM / ROSQUILLAS CRISTALEIRO,ANDER MADINABEITIA CANAVAL, 9715,B,LUCAS TOJAL SIERRA, 3245,Z,,,,,6-11,9-11,11-4,11-5,11-4,3-2,2 - 4
singles,4,139,IRUN LEKA ENEA,934,VAL MIÑOR TM / ROSQUILLAS CRISTALEIRO,IKER MARTINEZ CATALAN, 20734,A,MARTIN PINTOS BARREIRO, 9975,Y,,,,,1-11,11-3,11-8,7-11,11-3,3-2,1 - 0
singles,4,139,IRUN LEKA ENEA,934,VAL MIÑOR TM / ROSQUILLAS CRISTALEIRO,AIMAR CHAMORRO BLANCO, 21296,B,FACUNDO DE LEÓN, 39221,X,,,,,12-10,11-9,8-11,11-5,,3-1,2 - 0
singles,4,139,IRUN LEKA ENEA,934,VAL MIÑOR TM / ROSQUILLAS CRISTALEIRO,ANDER CEPAS ZAPICO, 22596,C,ANXO IGLESIAS NUÑEZ, 8939,Z,,,,,11-7,11-5,11-1,,,3-0,3 - 0
singles,4,139,IRUN LEKA ENEA,934,VAL MIÑOR TM / ROSQUILLAS CRISTALEIRO,IKER MARTINEZ CATALAN, 20734,A,FACUNDO DE LEÓN, 39221,X,,,,,11-7,11-8,11-13,11-6,,3-1,4 - 0
singles,4,139,IRUN LEKA ENEA,934,VAL MIÑOR TM / ROSQUILLAS CRISTALEIRO,ANDER CEPAS ZAPICO, 22596,C,MARTIN PINTOS BARREIRO, 9975,Y,,,,,11-8,11-6,11-6,,,3-0,5 - 0
singles,4,139,IRUN LEKA ENEA,934,VAL MIÑOR TM / ROSQUILLAS CRISTALEIRO,AIMAR CHAMORRO BLANCO, 21296,B,LUCAS TOJAL SIERRA, 3245,Z,,,,,11-5,11-6,13-11,,,3-0,6 - 0
singles,5,934,VAL MIÑOR TM / ROSQUILLAS CRISTALEIRO,2018812,CAJA RURAL - GALAXIA PHONE ,PABLO UXIO REGUEIRO NUÑEZ, 10001,A,PEDRO DAVID GRAMCKO MARQUEZ, 29353,Y,,,,,9-11,4-11,10-12,,,0-3,0 - 1
singles,5,934,VAL MIÑOR TM / ROSQUILLAS CRISTALEIRO,2018812,CAJA RURAL - GALAXIA PHONE ,ANXO IGLESIAS NUÑEZ, 8939,B,JOSÉ MIGUEL LIMA MAGALHAES, 35809,X,,,,,11-6,11-13,11-7,9-11,9-11,2-3,0 - 2
singles,5,934,VAL MIÑOR TM / ROSQUILLAS CRISTALEIRO,2018812,CAJA RURAL - GALAXIA PHONE ,FACUNDO DE LEÓN, 39221,C,DANIEL GOMEZ SANDONIS, 10198,Z,,,,,4-11,12-10,11-6,11-6,,3-1,1 - 2
singles,5,934,VAL MIÑOR TM / ROSQUILLAS CRISTALEIRO,2018812,CAJA RURAL - GALAXIA PHONE ,PABLO UXIO REGUEIRO NUÑEZ, 10001,A,JOSÉ MIGUEL LIMA MAGALHAES, 35809,X,,,,,9-11,4-11,11-8,7-11,,1-3,1 - 3
singles,5,934,VAL MIÑOR TM / ROSQUILLAS CRISTALEIRO,2018812,CAJA RURAL - GALAXIA PHONE ,FACUNDO DE LEÓN, 39221,C,PEDRO DAVID GRAMCKO MARQUEZ, 29353,Y,,,,,11-3,7-11,11-7,4-11,7-11,2-3,1 - 4
singles,5,934,VAL MIÑOR TM / ROSQUILLAS CRISTALEIRO,2018812,CAJA RURAL - GALAXIA PHONE ,ANXO IGLESIAS NUÑEZ, 8939,B,DANIEL GOMEZ SANDONIS, 10198,Z,,,,,4-11,5-11,7-11,,,0-3,1 - 5
singles,6,934,VAL MIÑOR TM / ROSQUILLAS CRISTALEIRO,126,VILAGARCIA  TENIS DE MESA,FACUNDO DE LEÓN, 39221,A,MATIAS EZEQUIEL GUADALUPE, 36133,Y,,,,,9-11,11-13,6-11,,,0-3,0 - 1
singles,6,934,VAL MIÑOR TM / ROSQUILLAS CRISTALEIRO,126,VILAGARCIA  TENIS DE MESA,ANXO IGLESIAS NUÑEZ, 8939,B,SERGIY NIGERUK NIGERUK, 4037,X,,,,,7-11,6-11,12-10,10-12,,1-3,0 - 2
singles,6,934,VAL MIÑOR TM / ROSQUILLAS CRISTALEIRO,126,VILAGARCIA  TENIS DE MESA,PABLO UXIO REGUEIRO NUÑEZ, 10001,C,NAZARII SOLODKYI, 38976,Z,,,,,12-10,11-6,11-8,,,3-0,1 - 2
singles,6,934,VAL MIÑOR TM / ROSQUILLAS CRISTALEIRO,126,VILAGARCIA  TENIS DE MESA,FACUNDO DE LEÓN, 39221,A,SERGIY NIGERUK NIGERUK, 4037,X,,,,,12-14,5-11,11-5,9-11,,1-3,1 - 3
singles,6,934,VAL MIÑOR TM / ROSQUILLAS CRISTALEIRO,126,VILAGARCIA  TENIS DE MESA,PABLO UXIO REGUEIRO NUÑEZ, 10001,C,MATIAS EZEQUIEL GUADALUPE, 36133,Y,,,,,9-11,7-11,4-11,,,0-3,1 - 4
singles,6,934,VAL MIÑOR TM / ROSQUILLAS CRISTALEIRO,126,VILAGARCIA  TENIS DE MESA,ANXO IGLESIAS NUÑEZ, 8939,B,NAZARII SOLODKYI, 38976,Z,,,,,6-11,11-9,6-11,11-8,11-7,3-2,2 - 4
singles,7,934,VAL MIÑOR TM / ROSQUILLAS CRISTALEIRO,790,UNIVERSIDAD DE BURGOS - TPF,AITOR COLINA VARONA, 19271,A,MARTIN PINTOS BARREIRO, 9975,Y,,,,,6-11,11-13,9-11,,,0-3,0 - 1
singles,7,934,VAL MIÑOR TM / ROSQUILLAS CRISTALEIRO,790,UNIVERSIDAD DE BURGOS - TPF,KAROL HASEK ., 6511,B,PABLO UXIO REGUEIRO NUÑEZ, 10001,X,,,,,11-5,11-2,11-9,,,3-0,1 - 1
singles,7,934,VAL MIÑOR TM / ROSQUILLAS CRISTALEIRO,790,UNIVERSIDAD DE BURGOS - TPF,JORGE AUSIN BRIONGOS, 3775,C,FACUNDO DE LEÓN, 39221,Z,,,,,11-5,11-13,12-10,11-9,,3-1,2 - 1
singles,7,934,VAL MIÑOR TM / ROSQUILLAS CRISTALEIRO,790,UNIVERSIDAD DE BURGOS - TPF,AITOR COLINA VARONA, 19271,A,PABLO UXIO REGUEIRO NUÑEZ, 10001,X,,,,,12-10,1-11,11-2,11-3,,3-1,3 - 1
singles,7,934,VAL MIÑOR TM / ROSQUILLAS CRISTALEIRO,790,UNIVERSIDAD DE BURGOS - TPF,JORGE AUSIN BRIONGOS, 3775,C,MARTIN PINTOS BARREIRO, 9975,Y,,,,,7-11,11-8,6-11,11-9,11-7,3-2,4 - 1
singles,7,934,VAL MIÑOR TM / ROSQUILLAS CRISTALEIRO,790,UNIVERSIDAD DE BURGOS - TPF,KAROL HASEK ., 6511,B,LUCAS TOJAL SIERRA, 3245,Z,,,,,0-11,0-11,0-11,,,0-3,4 - 2
singles,8,934,VAL MIÑOR TM / ROSQUILLAS CRISTALEIRO,221,CAMBADOS TENIS DE MESA,FACUNDO DE LEÓN, 39221,A,CESAR GOMEZ CASAL, 19653,Y,,,,,11-0,11-0,11-0,,,3-0,1 - 0
singles,8,934,VAL MIÑOR TM / ROSQUILLAS CRISTALEIRO,221,CAMBADOS TENIS DE MESA,ANXO IGLESIAS NUÑEZ, 8939,B,ANDRES GUILLERMO CORREA PICCONE, 5678,X,,,,,11-9,11-8,6-11,7-11,12-10,3-2,2 - 0
singles,8,934,VAL MIÑOR TM / ROSQUILLAS CRISTALEIRO,221,CAMBADOS TENIS DE MESA,MARTIN PINTOS BARREIRO, 9975,C,DANIEL CASALDERREY DIAZ, 4411,Z,,,,,11-3,7-11,11-8,11-8,,3-1,3 - 0
singles,8,934,VAL MIÑOR TM / ROSQUILLAS CRISTALEIRO,221,CAMBADOS TENIS DE MESA,FACUNDO DE LEÓN, 39221,A,ANDRES GUILLERMO CORREA PICCONE, 5678,X,,,,,3-11,7-11,11-6,16-18,,1-3,3 - 1
singles,8,934,VAL MIÑOR TM / ROSQUILLAS CRISTALEIRO,221,CAMBADOS TENIS DE MESA,MARTIN PINTOS BARREIRO, 9975,C,CESAR GOMEZ CASAL, 19653,Y,,,,,11-0,11-0,11-0,,,3-0,4 - 1
singles,8,934,VAL MIÑOR TM / ROSQUILLAS CRISTALEIRO,221,CAMBADOS TENIS DE MESA,ANXO IGLESIAS NUÑEZ, 8939,B,DANIEL CASALDERREY DIAZ, 4411,Z,,,,,3-11,5-11,7-11,,,0-3,4 - 2
singles,9,1284,MONTE PORREIRO PUB PATRIMONIO,934,VAL MIÑOR TM / ROSQUILLAS CRISTALEIRO,ALBERTO PEREZ PENEDO, 15909,A,FACUNDO DE LEÓN, 39221,Y,,,,,11-6,9-11,12-10,11-9,,3-1,1 - 0
singles,9,1284,MONTE PORREIRO PUB PATRIMONIO,934,VAL MIÑOR TM / ROSQUILLAS CRISTALEIRO,CRISTOFER SANTIAGO BARREIRO, 5716,B,MARTIN PINTOS BARREIRO, 9975,X,,,,,11-9,6-11,11-13,6-11,,1-3,1 - 1
singles,9,1284,MONTE PORREIRO PUB PATRIMONIO,934,VAL MIÑOR TM / ROSQUILLAS CRISTALEIRO,LEANDRO NAHUEL FUENTES, 34230,C,ANXO IGLESIAS NUÑEZ, 8939,Z,,,,,11-4,11-4,11-8,,,3-0,2 - 1
singles,9,1284,MONTE PORREIRO PUB PATRIMONIO,934,VAL MIÑOR TM / ROSQUILLAS CRISTALEIRO,ALBERTO PEREZ PENEDO, 15909,A,MARTIN PINTOS BARREIRO, 9975,X,,,,,11-13,11-9,9-11,5-11,,1-3,2 - 2
singles,9,1284,MONTE PORREIRO PUB PATRIMONIO,934,VAL MIÑOR TM / ROSQUILLAS CRISTALEIRO,LEANDRO NAHUEL FUENTES, 34230,C,FACUNDO DE LEÓN, 39221,Y,,,,,11-9,9-11,11-6,11-4,,3-1,3 - 2
singles,9,1284,MONTE PORREIRO PUB PATRIMONIO,934,VAL MIÑOR TM / ROSQUILLAS CRISTALEIRO,CRISTOFER SANTIAGO BARREIRO, 5716,B,ANXO IGLESIAS NUÑEZ, 8939,Z,,,,,2-11,4-11,3-11,,,0-3,3 - 3
doubles,9,1284,MONTE PORREIRO PUB PATRIMONIO,934,VAL MIÑOR TM / ROSQUILLAS CRISTALEIRO,,,D,,,D,LEANDRO NAHUEL FUENTES ,34230,ALBERTO PEREZ PENEDO,15909,7-11,7-11,11-9,11-4,5-11,2-3,3 - 4
singles,12,790,UNIVERSIDAD DE BURGOS - TPF,934,VAL MIÑOR TM / ROSQUILLAS CRISTALEIRO,LUCAS TOJAL SIERRA, 3245,A,DAVID BARRIUSO AUSIN, 2890,Y,,,,,8-11,5-11,8-11,,,0-3,0 - 1
singles,12,790,UNIVERSIDAD DE BURGOS - TPF,934,VAL MIÑOR TM / ROSQUILLAS CRISTALEIRO,ANXO IGLESIAS NUÑEZ, 8939,B,KAROL HASEK ., 6511,X,,,,,7-11,7-11,6-11,,,0-3,0 - 2
singles,12,790,UNIVERSIDAD DE BURGOS - TPF,934,VAL MIÑOR TM / ROSQUILLAS CRISTALEIRO,MARTIN PINTOS BARREIRO, 9975,C,AITOR COLINA VARONA, 19271,Z,,,,,7-11,11-7,11-5,11-8,,3-1,1 - 2
singles,12,790,UNIVERSIDAD DE BURGOS - TPF,934,VAL MIÑOR TM / ROSQUILLAS CRISTALEIRO,LUCAS TOJAL SIERRA, 3245,A,KAROL HASEK ., 6511,X,,,,,11-9,3-11,4-11,2-11,,1-3,1 - 3
singles,12,790,UNIVERSIDAD DE BURGOS - TPF,934,VAL MIÑOR TM / ROSQUILLAS CRISTALEIRO,MARTIN PINTOS BARREIRO, 9975,C,DAVID BARRIUSO AUSIN, 2890,Y,,,,,11-7,11-5,11-7,,,3-0,2 - 3
singles,12,790,UNIVERSIDAD DE BURGOS - TPF,934,VAL MIÑOR TM / ROSQUILLAS CRISTALEIRO,ANXO IGLESIAS NUÑEZ, 8939,B,AITOR COLINA VARONA, 19271,Z,,,,,11-6,1-11,7-11,12-10,2-11,2-3,2 - 4
singles,12,2018812,CAJA RURAL - GALAXIA PHONE ,934,VAL MIÑOR TM / ROSQUILLAS CRISTALEIRO,MARTIN PINTOS BARREIRO, 9975,A,JOSÉ MIGUEL LIMA MAGALHAES, 35809,Y,,,,,11-6,11-6,5-11,11-7,,3-1,1 - 0
singles,12,2018812,CAJA RURAL - GALAXIA PHONE ,934,VAL MIÑOR TM / ROSQUILLAS CRISTALEIRO,LUCAS TOJAL SIERRA, 3245,B,DANIEL GOMEZ SANDONIS, 10198,X,,,,,7-11,14-16,11-8,11-3,5-11,2-3,1 - 1
singles,12,2018812,CAJA RURAL - GALAXIA PHONE ,934,VAL MIÑOR TM / ROSQUILLAS CRISTALEIRO,ANXO IGLESIAS NUÑEZ, 8939,C,PEDRO DAVID GRAMCKO MARQUEZ, 29353,Z,,,,,6-11,6-11,7-11,,,0-3,1 - 2
singles,12,2018812,CAJA RURAL - GALAXIA PHONE ,934,VAL MIÑOR TM / ROSQUILLAS CRISTALEIRO,MARTIN PINTOS BARREIRO, 9975,A,DANIEL GOMEZ SANDONIS, 10198,X,,,,,12-10,11-8,11-5,,,3-0,2 - 2
singles,12,2018812,CAJA RURAL - GALAXIA PHONE ,934,VAL MIÑOR TM / ROSQUILLAS CRISTALEIRO,ANXO IGLESIAS NUÑEZ, 8939,C,JOSÉ MIGUEL LIMA MAGALHAES, 35809,Y,,,,,12-14,9-11,12-10,3-11,,1-3,2 - 3
singles,12,2018812,CAJA RURAL - GALAXIA PHONE ,934,VAL MIÑOR TM / ROSQUILLAS CRISTALEIRO,LUCAS TOJAL SIERRA, 3245,B,PEDRO DAVID GRAMCKO MARQUEZ, 29353,Z,,,,,7-11,11-9,3-11,11-8,2-11,2-3,2 - 4
singles,13,934,VAL MIÑOR TM / ROSQUILLAS CRISTALEIRO,10717,ELMA GASTEIZ,ALVARO LOMBRAÑA ALCAIDE, 17772,A,MARTIN PINTOS BARREIRO, 9975,Y,,,,,9-11,11-13,11-7,9-11,,1-3,0 - 1
singles,13,934,VAL MIÑOR TM / ROSQUILLAS CRISTALEIRO,10717,ELMA GASTEIZ,ANDER MADINABEITIA CANAVAL, 9715,B,PABLO UXIO REGUEIRO NUÑEZ, 10001,X,,,,,14-12,11-6,10-12,6-11,11-7,3-2,1 - 1
singles,13,934,VAL MIÑOR TM / ROSQUILLAS CRISTALEIRO,10717,ELMA GASTEIZ,ARKAITZ ALCUTEN FERNANDEZ DE OLANO, 21730,C,ANXO IGLESIAS NUÑEZ, 8939,Z,,,,,11-9,11-5,11-7,,,3-0,2 - 1
singles,13,934,VAL MIÑOR TM / ROSQUILLAS CRISTALEIRO,10717,ELMA GASTEIZ,ALVARO LOMBRAÑA ALCAIDE, 17772,A,PABLO UXIO REGUEIRO NUÑEZ, 10001,X,,,,,11-3,11-9,11-4,,,3-0,3 - 1
singles,13,934,VAL MIÑOR TM / ROSQUILLAS CRISTALEIRO,10717,ELMA GASTEIZ,ARKAITZ ALCUTEN FERNANDEZ DE OLANO, 21730,C,MARTIN PINTOS BARREIRO, 9975,Y,,,,,8-11,8-11,11-7,4-11,,1-3,3 - 2
singles,13,934,VAL MIÑOR TM / ROSQUILLAS CRISTALEIRO,10717,ELMA GASTEIZ,ANDER MADINABEITIA CANAVAL, 9715,B,ANXO IGLESIAS NUÑEZ, 8939,Z,,,,,8-11,11-5,2-11,11-4,2-11,2-3,3 - 3
doubles,13,934,VAL MIÑOR TM / ROSQUILLAS CRISTALEIRO,10717,ELMA GASTEIZ,,,D,,,D,ALVARO LOMBRAÑA ALCAIDE,17772,ARKAITZ ALCUTEN FERNANDEZ DE OLANO,21730,3-11,10-12,6-11,,,0-3,3 - 4
singles,14,937,CLUB DEL MAR,934,VAL MIÑOR TM / ROSQUILLAS CRISTALEIRO,FACUNDO DE LEÓN, 39221,A,LAWAL ABIODUM GANIU, 24148,Y,,,,,3-11,9-11,7-11,,,0-3,0 - 1
singles,14,937,CLUB DEL MAR,934,VAL MIÑOR TM / ROSQUILLAS CRISTALEIRO,ANXO IGLESIAS NUÑEZ, 8939,B,DIEGO VARELA SUAREZ, 16657,X,,,,,12-10,11-4,8-11,5-11,11-8,3-2,1 - 1
singles,14,937,CLUB DEL MAR,934,VAL MIÑOR TM / ROSQUILLAS CRISTALEIRO,MARTIN PINTOS BARREIRO, 9975,C,JAVIER DIZ CONDE, 17803,Z,,,,,10-12,11-3,6-11,11-4,11-5,3-2,2 - 1
singles,14,937,CLUB DEL MAR,934,VAL MIÑOR TM / ROSQUILLAS CRISTALEIRO,FACUNDO DE LEÓN, 39221,A,DIEGO VARELA SUAREZ, 16657,X,,,,,4-11,12-10,10-12,8-11,,1-3,2 - 2
singles,14,937,CLUB DEL MAR,934,VAL MIÑOR TM / ROSQUILLAS CRISTALEIRO,MARTIN PINTOS BARREIRO, 9975,C,LAWAL ABIODUM GANIU, 24148,Y,,,,,11-8,11-7,11-7,,,3-0,3 - 2
singles,14,937,CLUB DEL MAR,934,VAL MIÑOR TM / ROSQUILLAS CRISTALEIRO,ANXO IGLESIAS NUÑEZ, 8939,B,JAVIER DIZ CONDE, 17803,Z,,,,,9-11,8-11,13-11,11-3,19-17,3-2,4 - 2
singles,16,221,CAMBADOS TENIS DE MESA,934,VAL MIÑOR TM / ROSQUILLAS CRISTALEIRO,MARTIN PINTOS BARREIRO, 9975,A,DANIEL CASALDERREY DIAZ, 4411,Y,,,,,11-4,5-11,11-6,11-2,,3-1,1 - 0
singles,16,221,CAMBADOS TENIS DE MESA,934,VAL MIÑOR TM / ROSQUILLAS CRISTALEIRO,ANXO IGLESIAS NUÑEZ, 8939,B,DIEGO BENJAMIN PIGUAVE BALDEON, 38436,X,,,,,7-11,11-9,7-11,5-11,,1-3,1 - 1
singles,16,221,CAMBADOS TENIS DE MESA,934,VAL MIÑOR TM / ROSQUILLAS CRISTALEIRO,PABLO UXIO REGUEIRO NUÑEZ, 10001,C,ANDRES GUILLERMO CORREA PICCONE, 5678,Z,,,,,5-11,11-8,11-9,8-11,11-5,3-2,2 - 1
singles,16,221,CAMBADOS TENIS DE MESA,934,VAL MIÑOR TM / ROSQUILLAS CRISTALEIRO,MARTIN PINTOS BARREIRO, 9975,A,DIEGO BENJAMIN PIGUAVE BALDEON, 38436,X,,,,,9-11,11-13,11-9,8-11,,1-3,2 - 2
singles,16,221,CAMBADOS TENIS DE MESA,934,VAL MIÑOR TM / ROSQUILLAS CRISTALEIRO,PABLO UXIO REGUEIRO NUÑEZ, 10001,C,DANIEL CASALDERREY DIAZ, 4411,Y,,,,,8-11,7-11,11-8,11-5,11-5,3-2,3 - 2
singles,16,221,CAMBADOS TENIS DE MESA,934,VAL MIÑOR TM / ROSQUILLAS CRISTALEIRO,ANXO IGLESIAS NUÑEZ, 8939,B,ANDRES GUILLERMO CORREA PICCONE, 5678,Z,,,,,5-11,12-10,11-9,7-11,8-11,2-3,3 - 3
doubles,16,221,CAMBADOS TENIS DE MESA,934,VAL MIÑOR TM / ROSQUILLAS CRISTALEIRO,,,D,,,D,ANXO IGLESIAS NUÑEZ,8939,MARTIN PINTOS BARREIRO,9975,6-11,11-6,6-11,5-11,,1-3,3 - 4
singles,17,934,VAL MIÑOR TM / ROSQUILLAS CRISTALEIRO,1351,ETM HOTEL MARQUES DE SANTILLANA,MARTIN PINTOS BARREIRO, 9975,A,NICO QUEVEDO BENITO, 21802,Y,,,,,11-7,11-5,11-8,,,3-0,1 - 0
singles,17,934,VAL MIÑOR TM / ROSQUILLAS CRISTALEIRO,1351,ETM HOTEL MARQUES DE SANTILLANA,PABLO UXIO REGUEIRO NUÑEZ, 10001,B,ANGEL RODRIGUEZ SAN EMETERIO, 19868,X,,,,,12-10,3-11,11-9,6-11,8-11,2-3,1 - 1
singles,17,934,VAL MIÑOR TM / ROSQUILLAS CRISTALEIRO,1351,ETM HOTEL MARQUES DE SANTILLANA,ANXO IGLESIAS NUÑEZ, 8939,C,PABLO TELECHEA ALLER, 14940,Z,,,,,11-3,11-6,11-5,,,3-0,2 - 1
singles,17,934,VAL MIÑOR TM / ROSQUILLAS CRISTALEIRO,1351,ETM HOTEL MARQUES DE SANTILLANA,MARTIN PINTOS BARREIRO, 9975,A,ANGEL RODRIGUEZ SAN EMETERIO, 19868,X,,,,,11-4,8-11,7-11,15-13,9-11,2-3,2 - 2
singles,17,934,VAL MIÑOR TM / ROSQUILLAS CRISTALEIRO,1351,ETM HOTEL MARQUES DE SANTILLANA,ANXO IGLESIAS NUÑEZ, 8939,C,NICO QUEVEDO BENITO, 21802,Y,,,,,13-11,7-11,11-6,10-12,12-10,3-2,3 - 2
singles,17,934,VAL MIÑOR TM / ROSQUILLAS CRISTALEIRO,1351,ETM HOTEL MARQUES DE SANTILLANA,PABLO UXIO REGUEIRO NUÑEZ, 10001,B,PABLO TELECHEA ALLER, 14940,Z,,,,,11-4,11-3,11-6,,,3-0,4 - 2
singles,18,934,VAL MIÑOR TM / ROSQUILLAS CRISTALEIRO,1284,MONTE PORREIRO PUB PATRIMONIO,FACUNDO DE LEÓN, 39221,A,PEDRO FERNANDEZ MATEO, 7583,Y,,,,,11-7,11-9,6-11,12-10,,3-1,1 - 0
singles,18,934,VAL MIÑOR TM / ROSQUILLAS CRISTALEIRO,1284,MONTE PORREIRO PUB PATRIMONIO,MARTIN PINTOS BARREIRO, 9975,B,LEANDRO NAHUEL FUENTES, 34230,X,,,,,8-11,11-6,5-11,11-7,11-4,3-2,2 - 0
singles,18,934,VAL MIÑOR TM / ROSQUILLAS CRISTALEIRO,1284,MONTE PORREIRO PUB PATRIMONIO,PABLO UXIO REGUEIRO NUÑEZ, 10001,C,ALBERTO PEREZ PENEDO, 15909,Z,,,,,11-8,9-11,11-9,11-7,,3-1,3 - 0
singles,18,934,VAL MIÑOR TM / ROSQUILLAS CRISTALEIRO,1284,MONTE PORREIRO PUB PATRIMONIO,FACUNDO DE LEÓN, 39221,A,LEANDRO NAHUEL FUENTES, 34230,X,,,,,10-12,11-13,6-11,,,0-3,3 - 1
singles,18,934,VAL MIÑOR TM / ROSQUILLAS CRISTALEIRO,1284,MONTE PORREIRO PUB PATRIMONIO,PABLO UXIO REGUEIRO NUÑEZ, 10001,C,PEDRO FERNANDEZ MATEO, 7583,Y,,,,,11-9,3-11,11-6,8-11,11-9,3-2,4 - 1
singles,18,934,VAL MIÑOR TM / ROSQUILLAS CRISTALEIRO,1284,MONTE PORREIRO PUB PATRIMONIO,LUCAS TOJAL SIERRA, 3245,B,ALBERTO PEREZ PENEDO, 15909,Z,,,,,11-4,11-8,6-11,6-11,10-12,2-3,4 - 2
singles,19,934,VAL MIÑOR TM / ROSQUILLAS CRISTALEIRO,139,IRUN LEKA ENEA,ANDER CEPAS ZAPICO, 22596,A,PABLO UXIO REGUEIRO NUÑEZ, 10001,Y,,,,,11-9,9-11,14-12,11-3,,3-1,1 - 0
singles,19,934,VAL MIÑOR TM / ROSQUILLAS CRISTALEIRO,139,IRUN LEKA ENEA,HODEI MANCHA MINGUEZ, 21752,B,MARTIN PINTOS BARREIRO, 9975,X,,,,,3-11,9-11,11-5,16-14,11-9,3-2,2 - 0
singles,19,934,VAL MIÑOR TM / ROSQUILLAS CRISTALEIRO,139,IRUN LEKA ENEA,AIMAR CHAMORRO BLANCO, 21296,C,FACUNDO DE LEÓN, 39221,Z,,,,,12-10,6-11,11-8,11-9,,3-1,3 - 0
singles,19,934,VAL MIÑOR TM / ROSQUILLAS CRISTALEIRO,139,IRUN LEKA ENEA,ANDER CEPAS ZAPICO, 22596,A,MARTIN PINTOS BARREIRO, 9975,X,,,,,9-11,6-11,14-12,12-14,,1-3,3 - 1
singles,19,934,VAL MIÑOR TM / ROSQUILLAS CRISTALEIRO,139,IRUN LEKA ENEA,AIMAR CHAMORRO BLANCO, 21296,C,PABLO UXIO REGUEIRO NUÑEZ, 10001,Y,,,,,11-13,6-11,9-11,,,0-3,3 - 2
singles,19,934,VAL MIÑOR TM / ROSQUILLAS CRISTALEIRO,139,IRUN LEKA ENEA,HODEI MANCHA MINGUEZ, 21752,B,FACUNDO DE LEÓN, 39221,Z,,,,,11-4,15-13,6-11,11-6,,3-1,4 - 2
singles,20,934,VAL MIÑOR TM / ROSQUILLAS CRISTALEIRO,942,MADRID CAPITAL TM,ANXO IGLESIAS NUÑEZ, 8939,A,ABIT RONALDO TEJADA JIMENEZ, 34111,Y,,,,,11-13,9-11,11-8,11-8,5-11,2-3,0 - 1
singles,20,934,VAL MIÑOR TM / ROSQUILLAS CRISTALEIRO,942,MADRID CAPITAL TM,MARTIN PINTOS BARREIRO, 9975,B,ADRIAN MORATO VELASCO, 6179,X,,,,,12-10,4-11,6-11,4-11,,1-3,0 - 2
singles,20,934,VAL MIÑOR TM / ROSQUILLAS CRISTALEIRO,942,MADRID CAPITAL TM,PABLO UXIO REGUEIRO NUÑEZ, 10001,C,RUBEN RAMIREZ RODRIGUEZ, 8640,Z,,,,,10-12,2-11,6-11,,,0-3,0 - 3
singles,20,934,VAL MIÑOR TM / ROSQUILLAS CRISTALEIRO,942,MADRID CAPITAL TM,ANXO IGLESIAS NUÑEZ, 8939,A,ADRIAN MORATO VELASCO, 6179,X,,,,,8-11,8-11,5-11,,,0-3,0 - 4
singles,20,934,VAL MIÑOR TM / ROSQUILLAS CRISTALEIRO,942,MADRID CAPITAL TM,LUCAS TOJAL SIERRA, 3245,C,ABIT RONALDO TEJADA JIMENEZ, 34111,Y,,,,,5-11,9-11,9-11,,,0-3,0 - 5
singles,20,934,VAL MIÑOR TM / ROSQUILLAS CRISTALEIRO,942,MADRID CAPITAL TM,ANDRES TORRES VIDAL, 16078,B,RUBEN RAMIREZ RODRIGUEZ, 8640,Z,,,,,6-11,12-10,7-11,11-8,2-11,2-3,0 - 6
singles,21,126,VILAGARCIA  TENIS DE MESA,934,VAL MIÑOR TM / ROSQUILLAS CRISTALEIRO,SERGIY NIGERUK NIGERUK, 4037,A,MARTIN PINTOS BARREIRO, 9975,Y,,,,,11-7,5-11,6-11,9-11,,1-3,0 - 1
singles,21,126,VILAGARCIA  TENIS DE MESA,934,VAL MIÑOR TM / ROSQUILLAS CRISTALEIRO,PEDRO CASTRO SALGADO, 16939,B,HECTOR COSTAS COSTAS, 3102,X,,,,,11-8,11-8,11-8,,,3-0,1 - 1
singles,21,126,VILAGARCIA  TENIS DE MESA,934,VAL MIÑOR TM / ROSQUILLAS CRISTALEIRO,MATIAS EZEQUIEL GUADALUPE, 36133,C,ANDRES TORRES VIDAL, 16078,Z,,,,,11-2,11-5,11-9,,,3-0,2 - 1
singles,21,126,VILAGARCIA  TENIS DE MESA,934,VAL MIÑOR TM / ROSQUILLAS CRISTALEIRO,SERGIY NIGERUK NIGERUK, 4037,A,HECTOR COSTAS COSTAS, 3102,X,,,,,11-4,11-0,11-9,,,3-0,3 - 1
singles,21,126,VILAGARCIA  TENIS DE MESA,934,VAL MIÑOR TM / ROSQUILLAS CRISTALEIRO,MATIAS EZEQUIEL GUADALUPE, 36133,C,MARTIN PINTOS BARREIRO, 9975,Y,,,,,11-8,9-11,8-11,11-7,9-11,2-3,3 - 2
singles,21,126,VILAGARCIA  TENIS DE MESA,934,VAL MIÑOR TM / ROSQUILLAS CRISTALEIRO,PEDRO CASTRO SALGADO, 16939,B,ANDRES TORRES VIDAL, 16078,Z,,,,,14-12,16-14,11-4,,,3-0,4 - 2
singles,22,1388,CTM MILAGROSA,934,VAL MIÑOR TM / ROSQUILLAS CRISTALEIRO,FRANCISCO JAVIER TORRES TOBIO, 7830,B,ANDRES TORRES VIDAL, 16078,X,,,,,11-5,11-9,16-14,,,3-0,2 - 0
singles,22,1388,CTM MILAGROSA,934,VAL MIÑOR TM / ROSQUILLAS CRISTALEIRO,SANTIAGO OTERO RODRIGUEZ, 10331,C,FACUNDO DE LEÓN, 39221,Z,,,,,11-9,12-10,6-11,11-4,,3-1,3 - 0
singles,22,1388,CTM MILAGROSA,934,VAL MIÑOR TM / ROSQUILLAS CRISTALEIRO,IHOR ZAVADSKYI, 39888,A,ANDRES TORRES VIDAL, 16078,X,,,,,11-6,12-10,11-8,,,3-0,4 - 0
singles,22,1388,CTM MILAGROSA,934,VAL MIÑOR TM / ROSQUILLAS CRISTALEIRO,SANTIAGO OTERO RODRIGUEZ, 10331,C,MARTIN PINTOS BARREIRO, 9975,Y,,,,,18-16,8-11,8-11,11-9,8-11,2-3,4 - 1
singles,22,1388,CTM MILAGROSA,934,VAL MIÑOR TM / ROSQUILLAS CRISTALEIRO,FRANCISCO JAVIER TORRES TOBIO, 7830,B,FACUNDO DE LEÓN, 39221,Z,,,,,3-11,2-11,4-11,,,0-3,4 - 2
